# RV   : Radial velocity
# Vphi : Velocity in galactocentric phi coordinate
# Vz   : Velocity in galactocentric z coordinate
# Vrho : Velocity in galactocentric r coordinate
# N_rv : Number of member stars with radial velocity estimation
#
             NAME     RV RV_std    Vphi Vphi_std     Vz Vz_std     Vrho Vrho_std N_rv
----------------- ------ ------ ------- -------- ------ ------ -------- -------- ----
        alessi_15  48.46   0.89 -242.19     3.43   8.43   3.14  -11.812    1.519    1
        alessi_17  70.21   3.95 -229.25     2.41   1.18   1.47    0.955    3.308    0
        alessi_18 129.41   0.96 -218.64      3.1  -3.25   2.88   21.544     2.16    1
        alessi_21  41.84   0.33 -233.91     0.46  -2.46   0.47   17.986    0.394   11
        alessi_24   8.47   1.49 -233.59     0.93  -4.31   0.66  -13.785    1.258   15
        alessi_43  21.44   0.26 -235.04     0.38    0.5   1.19   -5.332    1.125    4
         alessi_6 -14.35   0.47  -231.2     0.62   5.77   0.63   15.727    0.559    3
        alessi_60  55.49    0.4 -220.58     0.76  -4.19   0.76    1.103    0.519    1
         alessi_8 -27.68   0.96 -247.09     0.73   1.27   0.47   14.275    0.784    3
alessi_teutsch_12  -3.59   4.65 -233.67     2.53  -1.89   1.03   -3.142    3.917    8
 alessi_teutsch_3  16.37   1.57 -239.95      1.5   2.17   0.51    4.769    0.546    5
 alessi_teutsch_8 -15.35   0.15 -252.64     0.26   8.81   0.56   -3.636    0.509    1
          ascc_16  20.64   0.17 -244.02     0.28   2.67    0.3    4.067     0.22   12
          ascc_21   19.3   2.73 -244.01     0.92   3.29   0.81    3.005    2.456    4
          ascc_30  23.12   0.14 -240.13     0.36  -0.81   0.36   -9.021    0.297    1
          ascc_66    5.0   1.26 -232.41      1.3   1.19    1.9   10.911    2.003    1
          ascc_67   -3.8  14.61  -233.7    14.37  -1.29   1.48   -6.621    3.101    4
          ascc_71 -10.43   2.53 -239.25     2.32  -6.03   0.88    8.212    1.264    5
          ascc_85  18.72   6.27 -232.97     2.44  -4.19   0.41  -33.169    5.843    3
          ascc_87   5.09    2.5 -238.21     0.43   3.39   0.49  -17.497    2.463    4
          ascc_88 -16.46   0.34 -246.61     0.96   -4.6   0.93    1.071    0.383    4
          ascc_90   7.75   1.15 -242.77     0.63   6.74   0.58  -19.804    1.156    9
        basel_11a  80.49   0.69 -203.19     0.61   0.26   0.59   28.338    0.637    0
        basel_11b   3.13   0.23 -219.15      0.7  -2.31   0.68  -17.184    0.253    3
         basel_17  -9.79   4.81 -244.47     4.78   2.71   0.58   -4.296    0.834    0
         basel_18  12.24   0.39 -217.51     0.44   -2.5   0.53  -23.777    0.483    1
           bdsb96  29.04   8.33 -243.72     5.48 -10.39   1.33   -1.983    6.584    2
      berkeley_20  78.92   1.14 -203.25     6.43   8.98    6.7    14.47    2.503    1
      berkeley_21  44.87   0.86 -218.46     3.56   3.58   4.01   19.498     0.88    2
      berkeley_22  92.45   1.68  -208.6     4.69   6.03   4.75   37.327    1.952    2
      berkeley_23  51.85   0.57 -216.79      1.8  -4.01   1.74   17.202    0.623    0
      berkeley_24  73.85   0.51 -239.04     3.21  23.33   3.43   16.172    1.238    2
      berkeley_25 108.07   9.19 -206.95     5.63  -3.09   4.11   12.205    8.459    0
      berkeley_28  69.09   2.35 -231.87      1.7  -4.93   1.66   18.248    2.258    2
      berkeley_29  33.51   3.37 -205.34     5.78  -1.07   6.01  -20.509     3.53    1
      berkeley_30  46.94   0.84 -226.31     1.99   3.76   2.25  -11.377     1.14    0
      berkeley_31  61.39   1.25 -203.13     3.67   4.43   4.57   -7.344    1.653    0
      berkeley_32  99.85  16.96 -195.35     6.12  -0.84   2.25   41.941   16.124    5
      berkeley_33  78.64   1.24 -234.31     1.66   3.53   1.86    7.878    1.505    4
      berkeley_34  62.07   4.17 -240.09     3.94 -21.32   4.43   -4.797    4.163    2
      berkeley_35 101.46   2.44  -209.4     1.66   1.91   1.69   32.969    2.358    1
      berkeley_36  63.14   1.68 -230.92     1.73 -11.65   1.82   -3.051    1.638    4
      berkeley_37   76.4   1.45 -231.96     1.36   3.49   1.08   15.457    1.428    1
      berkeley_39  59.93   1.18 -198.51     1.75 -27.11   2.03  -19.678    1.454    6
      berkeley_72  14.26   0.75 -237.44     2.23  18.12   2.57    -7.55    0.751    1
      berkeley_73  96.69    0.3 -230.36     4.02  11.18    3.7   25.584    1.817    2
      berkeley_75 126.82   3.16 -198.82     3.81  -7.08   3.49   11.298    3.471    1
      berkeley_77   73.4   0.56 -215.52     0.88  -2.14   0.97    6.393     0.67    1
      berkeley_78  66.32   0.39 -201.13     1.52   6.13   1.42   -2.951    0.732    1
           bh_111  -1.45   0.36 -230.92     0.37   3.31   1.21   16.581     0.98    1
           bh_132 -18.94   0.14 -240.54     0.23  -1.08   0.74   -7.931     0.66    1
           bh_150 -44.65    1.4 -243.47     1.41   2.63   1.33    4.126    1.436    1
           bh_151 -29.04   1.89 -236.02     1.84  -1.56   2.15   -3.676    1.775    1
            bh_19  86.49   0.59 -209.72     0.81   0.45   1.08   20.723    0.938    2
           bh_200 -84.62    0.9 -276.54     0.91  -0.16   0.87   41.197    0.892    1
           bh_202 -50.06   0.47 -238.48     0.76  -0.97   0.79   30.416    0.508    7
           bh_205  -2.02   0.85 -245.61      1.1    3.2   1.15  -22.104    0.872    2
           bh_211  -46.9   2.37  -253.1      1.0   2.74   0.76   23.936    2.203    5
           bh_217 -12.65   0.94 -236.68     1.24   2.68   1.33  -12.202    0.985    1
           bh_221  10.75    0.0 -249.85     0.87  -4.32   0.95  -25.906    0.132    2
            bh_23  22.82   1.05 -236.52     1.05   3.23   0.41    3.472    0.535    6
            bh_37   51.9   0.27 -221.94     0.65   0.11    1.3    -1.13    1.221    2
            bh_54 135.59  11.21 -137.58    10.32   3.39   1.19   41.222    3.904    1
            bh_55  33.19   0.47 -244.19     0.86  -7.72   1.52  -13.888    1.291    3
            bh_56  19.69   1.82 -236.66     1.81   5.24    0.7   -1.821    0.746    2
            bh_66   55.2   0.75 -238.03      1.4  -4.82    2.2    0.907    1.802    1
            bh_67  37.48   2.57  -230.6      2.7  -4.94   2.63  -28.629    2.644    1
            bh_72  50.74   0.55 -206.91     0.75  -4.46   1.65   -6.891    1.604    5
            bh_78  22.37   1.04 -227.85     1.38   -0.7   2.55  -35.597    2.383    1
            bh_84  17.87   0.63 -228.12     0.69   2.47   1.38   -14.32    1.464    1
            bh_85  60.84   1.16 -233.17     1.74  20.44   2.87   39.789    2.733    1
            bh_87 -12.93   1.67 -258.63     1.64  -6.35   0.77   -8.714    0.803    0
            bh_92  20.29   0.16 -223.16     0.17   3.63   0.75   -4.197    0.769    1
        bochum_11  47.69   0.47 -190.06     0.47  -6.38   1.15   -12.71    1.141    1
        bochum_13 -20.76   3.65 -246.59      1.3   2.89   1.15    1.521    3.587    1
         bochum_4   35.0   0.19 -236.62     0.54   -2.4   0.71   -0.774    0.541    1
         bochum_6  67.53    0.8 -222.77     1.13  -1.64   1.28   13.444    1.144    1
     coin-gaia_25 -18.94    0.0 -247.15      0.4   0.59   0.41   -34.93    0.087    2
     coin-gaia_26   5.95   1.14  -237.9      0.6   0.03   0.55   -14.18    1.139    1
     coin-gaia_27  12.93   5.21 -232.91     1.09  -0.65   0.89   -8.903    5.081    3
     coin-gaia_28  38.21    2.6 -237.71     1.15  -3.89   1.01    10.78    2.582    0
     coin-gaia_41  27.99  12.57 -226.39     2.07  -8.79   1.15    6.167   13.085    9
    collinder_106  39.29  15.01 -243.18     5.86   -0.6   1.26   11.126   13.272    0
    collinder_107  70.68  12.64 -230.46     5.15   0.39   1.25   40.137   11.354    5
    collinder_110  38.15   0.21 -222.56     0.99 -13.26   1.09   -7.842    0.464   49
    collinder_115  45.33   7.21 -231.44      3.3  -6.01   0.82    5.139    6.608    0
    collinder_185  59.22  18.89 -209.88     16.5  -4.91   0.59   10.474    7.858    0
    collinder_197  20.84    0.5  -236.4     0.55  -0.25   1.12   -4.403     1.07    2
    collinder_220 -12.19   0.13 -253.99     0.13 -10.51   0.95    3.535    0.978    1
    collinder_258  -28.0   0.18 -258.95     0.29   1.15   0.88    2.728    0.519    1
    collinder_261 -24.72   1.85 -244.37     1.87 -30.42   1.84   -5.958    1.832   35
    collinder_268 -34.35    0.0 -251.14     0.31  12.39   0.83   -7.759    0.784    2
    collinder_269 -30.22  12.36 -255.67    11.03  -4.46   1.25   -3.949    5.484    3
    collinder_271 -32.71   0.75 -244.99     0.77   0.71   0.68   -3.982    0.771    1
    collinder_272   -4.6   5.99  -236.1      5.4  -3.18    1.0  -28.611    2.745    2
    collinder_277 -27.28   0.52 -235.23     0.56  -5.68   0.78   26.243     0.59   14
    collinder_292 -32.04   0.24 -250.13     0.47   7.03   0.58   -4.933    0.483    0
    collinder_307 -42.81   0.71 -252.18     0.82  -4.33   0.86   11.362    0.746    1
    collinder_338 -23.33   1.87 -254.76      0.5  -0.95   0.45    9.762    1.861    5
     collinder_74  20.18   0.39  -226.7     0.82   4.54   0.89  -14.338    0.455    3
     collinder_95  15.35   2.77 -236.85     1.28  -5.45   0.76   -6.773    2.585    2
       czernik_23   12.7   2.04 -230.67     1.03  -5.47   1.01    1.082     2.02    3
       czernik_24  21.52   0.48 -208.02     1.98 -12.92    2.3   -5.038    0.517    0
       czernik_25  42.79   2.17  -240.5     1.08   2.62   0.89   11.121    2.042    1
       czernik_27  41.33   3.23 -211.77     1.86 -11.12   2.08  -19.702    3.127    0
       czernik_29   88.9   0.54 -211.83     1.51  -0.64   1.84   18.478     1.16    1
       czernik_30  82.07   0.73 -202.01     2.48  -1.61   2.78  -13.596    1.445    0
       czernik_31 103.03   0.79 -207.67     1.06   5.14   1.39   39.696    1.062    1
       czernik_32  74.65   1.48 -214.98     1.49 -12.47   1.23    7.679    1.349    1
           dbsb_3  41.07  16.18 -258.11    10.33  -2.57   2.77   -9.263   12.615    1
          dbsb_43  -0.66   0.22 -249.23     0.46  -1.59   1.26  -18.513     1.33    1
             dc_5  -4.22   0.66 -243.74     0.75   -2.6   1.61  -20.026    1.809    0
       eso_092_05   57.4   3.38 -224.26     6.99   9.87   8.49  -48.894    5.931    0
       eso_130_06  -5.68  18.39 -238.77    16.46  -2.91   1.08    7.392    7.128    1
       eso_130_08  -13.4   0.19 -247.95      0.3  -4.41   0.62  -10.599     0.57    1
       eso_130_13  -9.19  36.34 -236.99    36.31  -2.74   2.08  -30.706    8.887    0
       eso_166_04  16.76   0.28 -234.79     0.29   4.01   0.49     -0.3    0.493    1
       eso_211_03   64.1   0.66 -226.03     1.32 -13.87   2.42   20.068    2.094    1
       eso_211_09  52.08   0.43 -286.29     4.33 -10.14   5.72  -22.639    3.772    1
       eso_226_06 -18.55   0.07 -221.75     0.86    0.0   1.06  -12.529    0.653    2
       eso_311_21  79.59   0.28 -245.41      2.0  10.73   2.92   37.486    2.569    1
       eso_312_04  73.94    0.0 -221.04     1.35   2.65   2.33    7.067    1.896    2
       eso_368_11  22.47   0.75 -237.99     0.76   9.31   0.67  -31.217     0.79    1
       eso_368_14  45.62   0.92 -244.04     1.09   6.87   1.44   -7.096    1.149    1
       eso_371_25  48.91   0.41 -225.13     1.97  -5.54   2.85  -42.417    2.197    1
       eso_518_03  22.42   0.23 -246.18      0.6 -15.81   0.61  -43.552     0.28    9
       eso_559_13  48.61   0.85 -228.59     0.96   1.66    0.9   -8.575    0.978    1
       ferrero_11  21.28   2.84 -235.17     1.26 -12.95   0.59   -8.513     2.55    3
         fsr_0850   18.6   2.43 -224.47      0.7   4.34    0.8    3.164    2.486    3
         fsr_0852 -10.02   0.27 -231.16     0.87  -0.42   0.93  -26.619    0.271    1
         fsr_0866   68.2   3.13 -240.61     1.27  30.08   1.48   49.101    3.081    1
         fsr_0883  15.24   0.52 -230.69     0.91   6.61   1.02   -6.184    0.514    3
         fsr_0893  39.17   0.18 -224.38     0.69  -6.54   0.72   17.848    0.213    7
         fsr_0904  12.12    1.7 -243.33     1.05  -1.28   1.46   -8.958     1.76    5
         fsr_0905   4.09   0.16 -222.97     0.62   7.29   0.58  -18.746    0.211    1
         fsr_0921  29.57   0.64 -229.29     1.68  -2.08   1.92    1.744    0.706    0
         fsr_0923  43.83   0.14 -242.46     0.73  10.56   0.72   22.603     0.21    2
         fsr_0935  31.06   0.69 -233.67     0.77    3.3   0.56    2.046    0.699    1
         fsr_0937  18.78   1.29 -240.39     2.05   12.9   2.23  -18.222    1.271    2
         fsr_0941  37.05  17.74 -238.93      3.6  21.54   1.76    3.929    17.68    0
         fsr_0942  31.88   0.32 -248.76     1.46   0.19   1.46    2.515    0.423    1
         fsr_0948   53.7   4.23 -242.22     1.66   6.98   1.37   20.514     4.17    1
         fsr_0951  45.01   2.04  -240.0      0.8   9.28   0.73   20.516    1.986    5
         fsr_0953  14.02   2.45 -216.89     1.41 -11.87   1.45  -22.343     2.49    0
         fsr_0974  52.54   0.18 -236.32     0.86   0.77   1.09   17.542    0.298    2
         fsr_0977  23.72   0.52 -228.12     0.83   6.81    0.8  -10.612    0.567    3
         fsr_0979  28.12   1.26 -219.92      1.1  -2.43   1.19   -9.414    1.272    3
         fsr_1025  81.36   3.91 -213.15     3.69  11.12   3.18   18.392    3.898    1
         fsr_1051  37.17   0.91 -214.12     1.38 -12.51   1.23  -13.022    1.003    1
         fsr_1063  59.76    1.2 -210.58     0.99  -4.24   0.86    6.581    1.127    1
         fsr_1083  98.55   3.76 -215.89     2.33  17.59   2.11    33.36     3.49    2
         fsr_1085  41.66   1.29 -235.19     0.88   1.67   0.79    5.824    1.152    0
         fsr_1113   68.9   0.09 -253.14     1.86  19.04    2.2   14.397    0.861    0
         fsr_1125  50.44   0.93 -242.86     2.14  11.46   2.07  -13.196    1.243    1
         fsr_1150 103.56   4.12 -199.66     2.19   0.51   1.12    32.22    3.601    1
         fsr_1163  10.21    6.8 -251.83     3.61  14.93   1.06  -35.384     5.57    1
         fsr_1170  42.84   0.68 -225.33      1.2  -1.07   1.17  -15.723    0.954    1
         fsr_1171  33.67   1.08 -214.88     2.76   0.89   2.65  -45.557    1.849    1
         fsr_1180  62.11   0.61 -238.54     0.82   5.21   0.76    8.612    0.701    7
         fsr_1183  63.76   2.25 -226.28      2.6   0.27   1.74   12.146    2.393    1
         fsr_1252   64.2   1.83 -242.73     1.37    3.5   0.92    11.76     1.58    1
         fsr_1253  91.18   1.02 -216.28     1.28  -8.43   1.39    24.06    1.181    4
         fsr_1260  52.76   0.86 -251.39     1.04   -8.0   1.24    12.52    0.972    1
         fsr_1284   42.2   1.12 -227.72     0.89    1.2   0.55   -20.38     0.85    1
         fsr_1315  62.56   8.38 -240.92     5.73  -2.08   0.91    4.372    5.879    0
         fsr_1335  92.67    0.0 -236.02     1.71   0.53   1.89   20.564    1.519    2
         fsr_1361  66.47   0.48 -214.67      0.6    0.3    0.7    9.241     0.69   16
         fsr_1378  26.03   0.59 -260.64      0.7  15.19   0.77   45.616    0.814    4
         fsr_1402  62.61   1.01 -206.03      1.2 -14.62   1.67  -16.849    1.558    3
         fsr_1407  18.04   2.24 -273.35     2.05  24.99   1.28   14.674     1.43    2
         fsr_1435  28.79   1.46 -232.59     1.65  -5.84   2.63  -20.115    2.403    2
         fsr_1441 124.82   3.15 -165.04     2.89 -13.65   1.53   29.971    2.083    1
         fsr_1452  19.41   0.32 -240.87     0.42  -4.41   0.91  -10.361    0.848    3
         fsr_1509  25.94  12.68 -224.04    12.09  -0.38   3.21  -28.148    4.896    3
         fsr_1586  -4.38   0.92 -234.02     0.91  -0.48   1.56  -13.864    1.604    1
         fsr_1591 -40.36   9.59 -268.42     9.58    5.8   1.48  -14.239     1.57    2
         fsr_1595 -11.85   0.59 -237.33     0.67    0.1   1.66    0.687    1.897    1
         fsr_1663 -28.49   1.98 -239.28     1.87 -10.96   0.78  -10.639    1.034    2
         fsr_1750  -34.4  33.58 -247.24     8.67   5.27   1.19   17.709     32.2    3
           gaia_1  59.39  12.32 -230.74     6.71   9.92   3.61  -19.897   10.675    6
         graham_1   3.88   1.74 -229.35     1.75  -3.74   0.92   -6.969     0.79    0
       gulliver_1 -20.68   0.72 -259.85     0.71   1.08   0.98   18.037     0.98    9
      gulliver_10  37.74    0.0 -220.89      0.2   3.27   0.49     1.22    0.502    2
      gulliver_13  56.84   0.99  -223.3     0.93 -14.67   0.73   10.315    0.948    4
      gulliver_14  -13.4    0.1  -220.0     0.61   9.24   0.58    1.721    0.146    2
      gulliver_21  39.84   0.65 -227.37     0.57   2.31   0.36    7.968     0.48   11
      gulliver_27   17.5   1.97 -232.68     2.04   2.18   0.89  -14.983    0.916    1
      gulliver_32  40.24   1.28 -254.83     0.73   8.52   0.56   16.106    1.205    1
      gulliver_34   27.9   1.96 -206.03      1.9   6.11   0.96   -1.124    1.117    2
      gulliver_35  86.46   2.66 -159.09     2.63  -6.19   0.66   10.077    0.688    0
      gulliver_36  10.22   0.41 -240.69     0.43   8.23   0.38  -38.357    0.428    1
      gulliver_39 -15.99   0.25 -253.16     0.25  -2.12   0.71  -30.566    0.702    2
       gulliver_4  51.37   2.39 -223.84     2.08  -4.55   0.61   -8.202    1.366    1
      gulliver_44  15.45   0.45 -238.53      0.5  12.05   0.68  -26.402    0.736    4
      gulliver_45 135.26   1.13 -228.18     2.01  20.94   1.87   92.147    1.337    0
      gulliver_46 -35.58    1.1 -249.35     1.12  -2.75   1.37    1.581    2.408    1
      gulliver_47  47.47   0.79 -230.14     0.86  -5.98   0.86      6.6    0.828    3
       gulliver_5  36.02   0.72 -230.12     0.75  -0.55   0.83    6.478    0.827    1
      gulliver_52  -15.6   0.35 -253.61     0.36  -1.61    0.8  -25.958    0.824    1
      gulliver_56  30.58   5.56 -221.18     0.88   0.22    0.9   13.393    5.557    3
      gulliver_57   19.9   0.53 -233.57     0.52  -2.37   0.61   -0.618    0.595    1
      gulliver_58  -1.87   1.39 -233.58     1.32   3.16   1.14  -34.887    1.144    4
       gulliver_7  55.66    1.2 -209.97     1.35  -0.26   1.72  -19.627    1.546    1
       haffner_10  86.27   1.07 -211.91     1.15   5.21   1.13   18.493    1.105    1
       haffner_11  98.93   0.32 -225.93     1.72   6.34   1.78   22.531    1.525    2
       haffner_13  33.34   0.73 -232.48      0.7  -1.25   0.52    8.716    0.526    6
       haffner_14  70.87   1.65 -215.71     1.41  -7.64   0.95  -10.885    1.325    4
       haffner_15  52.95   0.42 -232.21     0.83   0.41    1.1   -4.531    0.994    1
       haffner_16  43.64   0.99 -247.28      1.0  -4.22   1.02   -4.925    1.042    0
       haffner_17   41.4    0.9 -225.91     0.95   4.82   1.07  -29.647    1.065    5
       haffner_18  92.28   2.76 -212.24     2.18  -4.82   1.24   21.245    2.151    0
       haffner_20  69.48   0.64 -231.24      1.1   3.63   1.37    7.093    1.211    1
       haffner_22  33.23   0.16 -240.79      0.5  12.51   0.74  -21.032    0.619   19
       haffner_26  55.09   0.46 -217.65     0.49  10.16    0.6  -15.674    0.543    5
        haffner_3   54.3   0.24 -216.97     1.01 -10.52    1.1   -5.825    0.678    2
        haffner_4  57.05   0.54  -225.1     0.96   5.07   1.19  -15.057    0.741    1
        haffner_5  -6.94   0.52 -232.19     0.55   0.05   0.58  -76.238    0.654    7
        haffner_6  77.18  22.15 -235.06     12.2   4.45   1.24   12.706     18.5    4
        haffner_7  88.13   3.46 -218.63     2.56  -3.11   1.31   14.211    2.648    1
        haffner_8  60.81    0.0  -221.1     0.81  -6.31    0.9   -0.585    0.606    2
       harvard_10  -14.5    2.3 -235.61     1.34 -11.76   0.66    6.507    1.975   19
       harvard_13  -4.21   0.46 -215.52     0.72  -3.81   0.65   -4.037    0.491   21
       harvard_16 -17.89   0.28 -248.49     0.71   8.54   0.75    0.408    0.308    1
          hogg_15 -23.09   1.37  -238.4     1.35  -1.21   1.27  -10.624    0.994    0
          hogg_17  -35.4  10.61 -245.57     9.22   5.84   0.95    4.146    5.975    5
          hogg_21 -48.78  14.58 -249.73     7.54   1.11   1.07    6.653   13.042    0
           hogg_4  26.58   0.31 -227.06     0.39   15.1   1.08    1.249     1.08    6
          ic_2395  17.66   1.72  -235.9     1.71   1.38   0.65  -11.977    0.664    8
          ic_2488  -1.28   2.46 -250.58     2.46  -0.01   0.78    8.932    0.779    6
          ic_2581 -12.77   0.12 -254.63     0.13  -1.02   0.88    8.472    0.905    1
          ic_2714 -13.92   0.14 -249.52     0.29   6.67    1.0    2.229    0.985   16
          ic_4651 -30.51   0.08 -241.28     0.72    8.4   0.74   16.052    0.308   63
       juchert_10  -70.2   4.95 -247.18     6.24 -13.08   8.39  -73.837    6.739    2
       juchert_13  -7.02   0.61 -225.97     0.61 -10.83   1.07   14.408     1.05    5
       juchert_18  55.72   6.54 -232.48     3.11   5.38   2.73    3.455    6.075    0
     kharchenko_1  41.41   0.33 -223.44     1.02   4.02   0.99   21.999    0.341    2
          king_23  54.01   0.43 -212.38     1.11  -0.91    1.2   -13.76    0.652    4
       koposov_63  -7.03  10.35 -239.95     1.85  11.78   1.55  -29.002   10.419    0
          l_1641s  -50.3   0.19 -274.63      1.2  23.47   1.06  -63.023    0.874    5
       loden_1194  -25.5   5.49 -232.29     4.81  -9.47   1.74   17.778     3.08    3
         loden_46  26.76   0.04 -215.54     0.05  -6.78   0.92   29.923    0.804    0
           lp_145  24.31   0.29 -180.54     1.34 -11.77   1.39   -35.69    0.633    2
          lp_1540  41.05  13.48 -191.63    13.43   7.48    0.8  -23.765    1.443   15
          lp_1624  31.05   2.69  -254.5      1.1 -13.28   1.21   -42.17     2.63    6
           lp_198   67.9   0.32 -220.21     0.75  -1.31   0.92   16.207    0.775    7
          lp_1994  67.72   0.28 -172.91     0.37   0.96    0.7   -69.38    0.712    1
          lp_2059  -8.38   0.67 -250.74     0.66  -0.48   0.54   -5.532    0.546    9
          lp_2094 -12.44   1.11  -249.1     1.11    9.7    0.8  -28.677    0.775    4
          lp_2100 -14.65    2.1 -240.95     1.61   0.11   0.43   -8.248    1.493    0
          lp_2198 -32.79   2.25 -259.63     1.26   4.48   0.79  -60.219    2.025    0
          lp_2219  21.25    2.9  -236.7     2.79   0.26   0.85   -3.961    1.044    0
          lp_2220   2.63   0.18  -249.4     0.24   2.91   0.53    -33.7    0.564    2
          lp_2238   2.63   1.63 -230.66     1.68 -15.98   1.39   -2.289    1.071    3
           lp_403 -11.97   0.65 -251.05     0.62  -2.11    1.0    5.805    1.035    0
           lp_589  -3.19   0.43 -255.72     0.44   0.15   0.51  -42.036    0.491    1
           lp_658  27.73    1.0 -261.12     1.14  -4.05   1.34   -9.059    1.031    5
           lp_861 -23.04   1.91 -218.71     1.35  -4.03   0.83   -5.792    1.637    5
           lp_866 -12.58    3.0 -272.87     1.46 -12.86    1.2   -17.68    2.918    1
           lp_930   -9.8   0.24  -284.5     0.86  13.63    0.9   -36.72    0.477    5
           lp_947  90.16   0.93 -205.37      0.9  -9.23   0.68    35.74      0.8    7
          lynga_1 -32.03   0.52 -242.24     0.65  -0.85   0.95   -2.597    0.892    6
          lynga_2 -32.03   0.74  -249.7     0.76  -2.77   0.65    15.19    0.668    1
          lynga_4  -46.1   2.08  -258.1     1.48   5.92   0.63   18.684    1.619    0
          lynga_5 -68.14   1.16 -260.06     1.02   2.57   0.85   28.111    1.048    3
          lynga_6 -48.13    4.2 -252.37     2.72  -0.61   1.02    7.028    3.315   10
          lynga_9 -50.22   1.55 -268.62     0.74   6.58    0.2   31.477    1.337    2
        mamajek_1  16.69   0.78 -232.76     0.87  -3.45   0.94   -2.146    1.762    2
      melotte_101    9.4   2.04 -225.83     1.99   6.91   0.96   -3.533    0.957    1
      melotte_105  14.18  12.51 -217.87    12.36   3.71   1.19    -5.55    2.132    5
       melotte_66  21.94   0.95 -245.68     1.58  -0.84   2.15    -51.5    1.946   10
       melotte_71  50.98   0.34 -251.63     0.73  11.09    0.9   18.455    0.617   21
       melotte_72   71.5   0.38 -252.82     0.92  -8.33   1.07   39.301    0.726    8
         moffat_1 -39.67   0.66 -244.71     0.82    0.5   0.96    1.528    0.786    1
         muzzio_1   3.13   9.56 -253.48     9.05  -1.14   1.22   -8.113     2.33    2
         ngc_1647  -6.71   0.17 -250.81     0.56   4.51   0.58  -19.015    0.238   13
         ngc_1817  65.21   0.99 -238.01     0.72  -8.59   0.74   46.609    0.991   40
         ngc_1977  30.71   0.17 -236.38     0.54  -1.31   0.53    9.038    0.366    4
         ngc_1980  26.68   0.15 -239.55     0.34   0.55   0.36    6.793    0.274   12
         ngc_2112  31.64   0.66 -260.92     0.67  -1.25   0.66   14.759    0.628   19
         ngc_2141  28.06   3.87 -231.98     2.14  -4.11   2.16  -13.456    3.704    9
         ngc_2158  26.63   1.94 -218.75     2.39 -13.24   2.91    4.246    1.945   12
         ngc_2168  -7.86   0.25 -238.41     0.83   9.23   0.84  -23.227    0.275   15
         ngc_2169  10.45  11.11 -245.56     2.85  -0.74   0.92   -9.304   10.968    1
         ngc_2183   53.4   2.32 -231.86     1.62 -14.77   1.51   23.695    2.075    3
         ngc_2184  42.07    0.6  -232.9     0.58  -2.39   0.52    17.45    0.591   14
         ngc_2186  21.98   0.26 -225.45      0.7  -1.14   0.68  -17.842    0.354    1
         ngc_2194  10.52   2.35 -228.94     1.47   3.57   1.52  -24.404    2.263    5
         ngc_2204  92.23   1.48  -227.4     1.45 -13.26    1.3   24.328    1.554   15
         ngc_2215  -2.45   0.33 -240.19     0.45   2.22   0.42  -36.893    0.437    4
         ngc_2225  41.66   6.06 -234.01     3.03  -0.26   1.53  -13.869    4.992    1
         ngc_2236  60.21   0.47 -235.26     1.18  -2.69    1.1   22.392    0.563    6
         ngc_2243  59.63   0.76 -272.36      1.5   3.57   1.78   28.854    1.366    4
         ngc_2244  32.86    1.0 -243.98     1.67  -2.32   1.76    6.205    1.168    1
         ngc_2251  25.62   0.12 -219.19      0.8  -0.47   0.73  -10.334    0.347    2
         ngc_2254  52.64   2.79 -225.83     1.35    1.4   0.87    14.96    2.631    1
         ngc_2259  65.86    1.1 -218.98     1.53  -0.63   1.47   23.518      1.1    1
         ngc_2264  22.54   0.26 -226.67     1.39 -13.32   1.38   -9.676    0.555    2
         ngc_2266  37.89   0.69  -233.3     0.97  -1.09   1.02   17.684    0.717    0
         ngc_2269  49.78   0.33 -231.56     0.78  -5.59   0.94   10.494    0.456    1
         ngc_2286  35.63   2.58 -220.15     1.47   1.21   0.95  -16.501    2.264    2
         ngc_2287  23.37   0.12 -237.68     0.36 -12.26   0.55  -11.594    0.433   28
         ngc_2301  26.52   0.31 -233.38     0.59  -1.64   0.65   -3.682    0.445    7
         ngc_2302  38.54   2.62 -230.96     1.56  -2.77   0.62    1.477    2.177    0
         ngc_2304  53.42   1.05 -215.28     0.99    4.4   0.91   13.605    1.034    1
         ngc_2309  55.64   0.64 -215.69     0.97  -3.85   0.96   -4.317    0.789    1
         ngc_2311  82.72  20.39 -218.55    10.54  -0.23    1.5   37.064    16.86    0
         ngc_2318   8.48   0.13 -240.07     0.69  -8.82    0.9   -34.89    0.674    2
         ngc_2323   5.61   0.61 -246.78     0.81    2.8   1.04  -25.022    0.745    7
         ngc_2324  41.74   1.92 -230.62     1.44   3.21   1.43  -19.894    1.831    7
         ngc_2335  55.62   0.28 -214.78     0.62  -1.09   0.71    4.029    0.533    1
         ngc_2343  15.73   0.03 -239.54     0.39   7.67   0.58  -19.874    0.363    2
         ngc_2345  63.27   2.43 -224.22     1.57   -1.0    0.9   10.188    2.012    5
         ngc_2353  14.12   3.68 -246.33     2.47   4.03   0.67  -18.579    2.906    0
         ngc_2354  34.44   0.12 -234.24      0.4   -6.9   0.61   -6.326    0.514   33
         ngc_2355  36.37   0.26  -242.1     0.66 -15.89   0.74   13.743    0.354    6
         ngc_2358  27.57    0.6 -234.08     0.53   2.29   0.39   -8.641    0.536    2
         ngc_2360  27.86   0.07 -247.33     0.55  21.35   0.76    3.431    0.525   23
         ngc_2362  28.86   5.65 -242.11     4.57  -2.05   1.07   -5.132    3.621    1
         ngc_2367  79.24   0.24 -209.59     0.97  -0.64   1.17   21.686    1.074    1
         ngc_2374  53.72   0.45 -225.13     0.53 -13.35   0.62   14.767    0.494    1
         ngc_2383   71.9   0.55 -224.88     1.04  -3.93    1.3    3.312    0.979    3
         ngc_2396   6.68   0.18 -247.24     0.74  -2.12   0.97  -32.324    0.644    1
         ngc_2401   77.8  16.96 -229.82     9.21   2.61   1.53    8.594   14.281    0
         ngc_2414 194.97   3.02 -168.18     2.03   1.77   1.33    97.87    2.628    1
         ngc_2420  74.78   0.09 -216.67     0.93  13.02   0.94   43.744    0.426   14
         ngc_2421  93.02    0.8 -216.41     0.89  -6.79   0.98   38.199    0.846    1
         ngc_2422  36.14   0.46 -230.46     0.51  -3.36   0.63    9.884    0.502   49
         ngc_2423  19.11   0.39 -228.15     0.56  -1.87   0.63  -25.599    0.601   31
         ngc_2425 103.13   0.96 -217.86     1.25 -17.33   1.37    45.43    1.116    6
         ngc_2428  52.84   0.37 -228.04     0.61  -1.04   0.82   13.581    0.613    4
         ngc_2432  51.63   0.37 -219.69     0.55  10.64   0.69   -2.888    0.584    7
         ngc_2437  49.09   0.54 -225.53     0.75 -13.47   0.99    3.417    0.776   13
         ngc_2439  68.22    0.0 -229.48     0.74  -4.56   1.11    3.489    0.792    2
         ngc_2447  22.26   0.33 -248.21     0.49   4.96   0.67    1.107    0.534   20
         ngc_2448  29.22   0.28 -238.66      0.6  -0.56   0.88   -3.263     0.76    3
         ngc_2453  85.52   0.29 -224.45     0.96   1.84   1.16   22.685    1.013    1
         ngc_2455  69.07   0.57 -227.05     0.67  -2.07   0.65     14.5    0.639    4
         ngc_2477   8.46    0.1 -246.58     0.43  -3.66   0.99  -32.333    0.929  125
         ngc_2479  41.31   0.16 -231.07     0.42 -11.01   0.58    0.859     0.45   12
         ngc_2482  38.89   0.27  -232.6     0.41  -8.89   0.53    1.781    0.496    2
         ngc_2489  38.46   0.19 -229.48     0.63  -2.19   0.98  -12.829    0.934    6
         ngc_2506  85.06   1.41 -246.99     1.41   19.3   1.61    41.94    1.498   34
         ngc_2509  60.83   0.24 -216.51     0.55  -8.66   0.72   -2.631    0.588   25
         ngc_2516  24.24   0.07 -227.06     0.22   2.77   0.74   -0.147     0.76  142
         ngc_2527  39.99   0.25 -228.16     0.42   6.42   0.58     14.9    0.547   37
         ngc_2533   34.8   0.29 -259.59     0.54   8.96   0.65    6.148    0.598    3
         ngc_2539   29.3   0.13 -229.43     0.47  -0.58   0.64  -14.427    0.536   14
         ngc_2546  15.52   0.66 -243.62     0.64   2.72   0.43   -9.695    0.475    5
         ngc_2547  13.05   0.16 -242.15     0.21  -3.45   0.54    -5.96     0.48   20
         ngc_2548  12.34   2.18 -246.23     1.56   8.63   0.88  -13.397    1.581   16
         ngc_2567  36.55   0.11 -229.71     0.31   1.58   0.51   -9.608    0.471    5
         ngc_2580  67.39   1.63 -214.74     1.41  -2.74   0.98  -13.845    1.284    4
         ngc_2587   45.8    1.9  -250.7      1.7 -10.22   1.29    7.025    1.595    2
         ngc_2627  28.33   0.43 -235.66     0.52   9.43    0.7  -15.529    0.654   15
         ngc_2635  73.25   0.64 -210.77     0.89  -0.69   1.25  -14.163    0.996    3
         ngc_2658  52.93   1.32 -221.17     1.27   3.94   1.06  -20.101    1.219    4
         ngc_2659  16.55   1.53 -249.36     1.46  -2.71   0.89    2.142    0.953    1
         ngc_2660  22.47   0.27 -242.56     0.53  19.46   1.24   -9.098    1.203    8
         ngc_2669  21.83   0.11 -231.06     0.16   3.37   0.63   -9.061    0.614    2
         ngc_2670   5.15   3.43 -251.68     3.45  -6.02   0.69  -11.128    0.986    1
         ngc_2671   6.35   1.25 -244.56     1.26   3.94   0.99  -37.662    1.011    5
         ngc_2682  34.18   0.14 -229.54     0.55 -10.66   0.71   24.888    0.491   55
         ngc_2818  21.14   0.29 -256.53     0.53    9.5   0.94   -0.807     0.87   16
         ngc_2925   3.69   2.73 -246.12     2.74   0.95   0.48    1.446    0.489    6
         ngc_2972  20.99   0.93 -229.27     0.93  -5.35   0.59  -15.996    0.613    1
         ngc_3033  27.56   0.66 -220.17     0.63  -5.87   0.59    7.714    0.617    2
         ngc_3105  45.27   2.63 -222.04     2.91  -2.93   3.03    -21.4    3.051    3
         ngc_3114  -1.02   0.14 -246.24     0.19   0.89   1.04   -2.269    1.042   17
         ngc_3255  22.03   2.41 -232.21     2.37   0.19    1.6     6.85    1.631    1
         ngc_3293 -13.16   0.55  -252.6     0.57  -1.36   1.07    9.187    1.107    1
         ngc_3324   9.41   8.71 -230.32     8.92  -1.34   1.23   -1.844    1.326    0
         ngc_3330  26.84   0.63 -214.51     0.62   0.06   0.78    3.043    0.775    1
         ngc_3496   9.56    0.2 -224.77     0.22   0.71   0.97     4.53    0.831   21
         ngc_3572   0.92   0.29 -232.69     0.32   0.99    1.1   -9.728    1.074    0
         ngc_3590   9.04   4.01 -223.82     4.03  -7.71   1.11  -15.029    1.206    0
         ngc_3680   1.41   0.14 -239.89     0.29   1.61   0.88   -6.119    0.656   34
         ngc_3766 -16.18   0.59 -247.52     0.58  -1.42   0.91   -4.494    0.801    3
         ngc_3960 -22.53   0.15 -251.26     0.25   8.24   0.83   -2.617    0.991   15
         ngc_4052  -2.79   0.31 -226.67     0.34  -6.58    0.9   -6.108    0.758    8
         ngc_4103 -23.34  11.05 -252.14    10.63   -1.1   0.87   -6.883    2.951    0
         ngc_4337 -17.26   0.29  -233.0     0.35  12.53   0.95   22.662    0.793   17
         ngc_4349 -11.94   0.09  -235.0     0.34  -2.29   1.04    4.347    1.011   11
         ngc_4439 -26.19   6.28 -250.27     6.04  -3.27   0.86    2.852    2.054    1
         ngc_4463  84.21  11.41 -153.25    10.93  -1.82   0.82  -47.268     3.92    1
         ngc_4609 -25.22   0.29 -260.78     0.41   1.11   0.64   -7.977    0.717    0
         ngc_4755   8.42   5.22 -220.72     4.95  -1.49   1.37  -27.673    2.282    2
         ngc_4815 -28.11   1.09 -245.25     1.09  -0.97   1.06   -8.573     1.07   18
         ngc_4852   0.39   5.22 -226.79     4.74   2.49   0.73   -1.769     2.42    1
         ngc_5168 -10.24  12.89 -229.51    12.28  -2.15   1.09  -29.506    4.668    5
         ngc_5269 -36.91   0.28 -260.09     0.41   0.36    0.6   -4.083    0.577    2
         ngc_5281  -19.1   0.16 -244.25     0.44  -2.61   0.78  -10.207    0.761    1
         ngc_5288 -23.86   0.28  -244.8     0.42   -2.4   0.69  -22.024    0.678    2
         ngc_5316 -13.68    1.5 -237.42      1.3   7.75    0.7   -2.996    1.022    3
         ngc_5381 -38.62   0.47 -246.18     0.58  -5.55   0.77    10.06    0.714   11
         ngc_5460   5.46   5.05 -229.29      3.7   4.22    1.2  -12.329    3.298    5
         ngc_5662 -21.07   0.24 -243.84      0.5  -8.84   0.56    9.129    0.422    4
         ngc_5715 -26.16   0.47 -245.54     0.66    0.9   1.05   -10.54    0.751    4
         ngc_5749 -18.04   0.17 -249.03     0.57  -1.82   1.13   -8.106    0.504    1
         ngc_5764 -32.52   0.28 -245.64     0.65  -0.55   0.84    -6.57    0.729    4
         ngc_5822 -28.71   0.14  -243.9     0.68    1.2   0.81   17.317    0.554   61
         ngc_5823 -45.81   5.24 -257.52     4.03   3.32   0.87    8.507    3.488    5
         ngc_5925 -22.72   13.0 -234.75     8.53   -4.4   0.78    6.834     9.61   10
         ngc_5999 -30.78   0.48 -220.61      0.8  -5.47   1.07    0.446    0.829    5
         ngc_6005 -22.65   0.75 -220.71     0.76   5.06   0.77   -0.962     0.73   13
         ngc_6025  19.61    1.5 -227.06     1.06   4.08   0.53  -30.995    1.187    5
         ngc_6031 -33.39   0.24 -247.95     0.81   2.24   0.91    3.466    0.641    1
         ngc_6067 -38.01    0.5 -248.88     0.83   4.06   0.98     0.76    0.756   17
         ngc_6087   0.82   3.24 -239.83      1.9   4.47   0.68   -21.34    2.494    4
         ngc_6124 -20.42   0.28 -254.45     0.81   1.44   0.83    2.907    0.415   48
         ngc_6134 -25.39   0.11 -255.68     0.75 -16.12   0.91    0.008    0.457   47
         ngc_6152  -35.7   0.32 -235.62     0.58  -1.75   0.64   15.553    0.406    6
         ngc_6167 -20.15   2.19 -246.89     1.32   -0.9   0.94   -4.837    1.959    5
         ngc_6192  -7.71   0.19 -259.67     0.92  -2.42   1.07  -24.593     0.47    5
         ngc_6193 -76.36   12.8 -274.71     6.07 -10.78   1.64    46.81   11.608    3
         ngc_6208 -32.11   0.24 -258.23     0.59   9.38   0.66    3.696      0.4   35
         ngc_6216 -42.15  10.71  -242.7     4.81   1.23   1.07    12.37    9.448    3
         ngc_6231 -19.87  30.43 -244.69    10.76   0.62   1.21    -3.59   28.712    3
         ngc_6242  -0.91   7.98 -251.66     2.43  -1.39   1.04  -21.973    7.649    2
         ngc_6253 -28.48   0.19 -218.35     0.79  13.15   0.86   15.578    0.451   28
         ngc_6259 -32.12    1.2 -235.73     1.19  -1.57   1.28    4.188    1.242   21
         ngc_6268 -14.41   0.24 -255.09     0.67  -1.93   0.72   -10.76    0.326    5
         ngc_6281  -5.05   0.39 -242.88     0.59   4.78   0.56   -7.335    0.387   35
         ngc_6318 -27.89   0.24 -233.18     1.06  -1.22   1.04    3.774    0.404    1
         ngc_6322 -44.41  15.47 -254.97     4.66   2.34   1.22   24.924   14.809    0
         ngc_6383 -54.67   2.08 -256.47     1.05  -9.83   1.12   40.348    2.133    3
         ngc_6396 -13.48    0.4 -233.72     1.12   0.67   1.18    -3.74     0.43    1
         ngc_6400 -13.06   0.66 -243.66     0.68  -1.72   0.69   -1.208    0.665    1
         ngc_6404  10.12   0.26 -245.09     1.18   1.51   1.11  -27.363    0.291    8
         ngc_6405  -7.42   0.41 -240.45     0.69   3.21   0.65   -3.713    0.395   41
         ngc_6416 -22.43  10.65 -238.53      1.0  10.05   0.81   10.204   10.852    1
         ngc_6425  -3.35    0.7  -254.8     0.51 -12.07   0.61   -8.463    0.696    3
         ngc_6444  -25.4   0.32 -243.28     0.64  12.18   0.62    9.357    0.328    1
         ngc_6451  -9.18   0.39 -238.42     0.98   0.81   0.94   -2.454      0.4    1
        pismis_12  33.39   1.92 -228.94      1.8  -2.86    0.8   14.002    0.918    6
        pismis_15  34.22   0.94 -220.53     0.93  -1.87   0.65   -5.703    0.693    4
        pismis_16   0.42   4.54  -249.9     4.48  -2.21   1.77   -6.391    1.873    0
        pismis_18 -24.85   0.89 -238.31     0.85  -5.85   0.75   -4.173    0.841   10
         pismis_2  58.99   1.69 -229.35      1.7  -7.27   1.72   24.746    1.733    1
        pismis_20 -17.59    2.1 -215.56     1.88   2.23   1.16  -18.214    1.514    1
        pismis_21 -40.92   0.69  -229.6     0.82  -5.06   0.99     2.37    0.906    0
        pismis_27  40.44   0.87  -231.7     1.82  -2.48   1.47   19.361    0.921    1
         pismis_3  30.12   1.25 -249.76     1.24   8.72   1.23   17.996    1.225   34
         pismis_4   5.86    5.9 -251.16     5.54  -3.72   0.47   -1.042    1.252    5
         pismis_7   74.4   0.86 -214.73     1.34   -7.6   1.83   -1.701    1.591    3
       platais_10 -16.85   0.85 -243.07     1.17   1.82   0.64   21.615    1.154    5
       ruprecht_1  12.51   1.75 -238.53     1.16   0.39   0.72  -32.772    1.479    2
      ruprecht_10  33.94   0.73 -230.71     0.59   -1.3   0.39  -23.628    0.651    0
     ruprecht_100 -10.88   0.74 -228.23     0.76  -0.28   0.96   19.267    0.975    2
     ruprecht_101 -14.31   0.89 -229.45     0.93  -6.03   1.16   31.444    1.052    3
     ruprecht_102 -30.34   0.86 -257.39     0.93   3.76   1.02  -31.881    1.137    2
     ruprecht_105  -4.33   0.56 -232.48     0.57   4.23   0.58  -12.306    0.479    3
     ruprecht_107 -46.94    0.3  -252.2     0.36   -6.3   1.26   -5.547    0.878    1
     ruprecht_111 -34.51   0.17 -240.49     0.48  -9.86   0.71   23.788    0.505   10
     ruprecht_112 -63.81   0.61 -260.87     0.69  -7.64   0.94   20.279    0.794    8
     ruprecht_115 -40.39   0.53 -224.06     0.76   4.98   0.78   20.614    0.642    2
     ruprecht_117 -41.94    0.0 -253.23     0.71  -6.03    0.9  -11.908    0.579    2
     ruprecht_119 -39.38   0.39 -246.38     0.57  -3.38   0.61    7.651    0.492    1
     ruprecht_121 -52.31   1.25 -253.82     0.89   0.15    0.8   21.921    1.184    9
     ruprecht_126  -8.18  15.42 -211.43     2.67 -11.04   1.39  -10.131   15.008    3
     ruprecht_128 -39.79   0.79 -255.79     0.93  -8.99   0.91   23.571    0.785    6
     ruprecht_130 -41.84   0.38 -238.48     0.82   -6.9   0.92   30.027     0.39    1
     ruprecht_151  26.47   4.99 -249.17     3.84   -2.4   1.86    1.596    3.615    0
      ruprecht_16  52.22   0.27 -240.83     0.81  -3.33   0.94    1.227    0.714    1
     ruprecht_161  29.54   9.41 -214.89     8.94   -7.2   1.04    2.633    1.633    3
     ruprecht_164  -15.7  27.37 -242.51    26.45  -6.05   1.08   -1.158    1.198    0
     ruprecht_167 -28.64   0.12 -233.16     0.52  -5.47   0.67   22.153    0.617    5
     ruprecht_176  -52.2   0.26 -242.97     0.68   4.39   0.81   13.573    0.572    4
      ruprecht_18  31.59   0.21 -230.13     0.69   6.04   0.86  -31.131     0.77    4
      ruprecht_23  59.77   1.31 -222.34     1.37  -7.89   1.28   -3.887    1.418    4
      ruprecht_27  37.21   0.41 -222.98     0.51  -1.52    0.5  -24.542    0.576    1
      ruprecht_28  89.55   1.33 -229.79     1.31  -6.13   1.35   27.591    1.282    2
      ruprecht_29  39.84    7.7 -232.04      5.7   -3.8   0.43  -15.118    5.255    0
      ruprecht_33  48.03    0.0 -215.16     0.37  -3.55   0.58  -20.899    0.421    3
      ruprecht_34  42.17    0.0  -231.3     0.68  -8.13   0.92  -19.065     0.67    2
      ruprecht_35  91.27   0.31  -209.8     0.86   -3.5   1.01   19.246    1.013    0
      ruprecht_36   41.9   0.31 -227.68      0.6 -14.14   0.82  -20.851    0.741    0
      ruprecht_41  78.54   0.24 -238.29     1.71   0.95    1.8    19.38    1.619    3
      ruprecht_42  90.67   1.15 -218.96     1.42  -0.66   1.62     5.74    1.347    1
      ruprecht_43 103.56   1.11 -220.81     1.47   2.32   1.34   25.174      1.5    1
      ruprecht_45  97.45   0.34 -235.24     1.05   3.72   1.33   37.339    0.838    4
      ruprecht_47   74.2   1.78 -215.69     1.43   -2.7   0.74    2.737    1.309    0
      ruprecht_50  51.08   0.36 -219.05     0.42   5.02   0.57  -11.497    0.491    0
      ruprecht_54  53.72   1.23 -249.41     1.49  -2.36   1.81    -8.97    1.581    2
      ruprecht_58  35.17   0.65 -231.49     0.81 -11.43    1.0  -31.687    0.903    1
      ruprecht_60  53.24   0.93 -248.59     1.15   3.38   1.51   22.467    1.434    1
      ruprecht_61   42.7    0.9 -234.23     1.12  10.71   1.39   -7.148    1.314    1
      ruprecht_63  31.94   1.15 -233.53     1.16   2.86    1.1  -31.031     1.17    1
      ruprecht_66  36.97   2.34 -242.29     2.15  -1.35    1.5  -20.167    1.772    3
      ruprecht_68  50.62   1.01 -235.77     1.04  30.69   1.28   10.153    1.252    7
      ruprecht_71  38.73   0.94 -223.89     0.95  -3.44    0.5    3.993     0.59    0
      ruprecht_75  -2.18   1.37 -270.69     1.41  -5.32   1.22   14.492    1.263    3
      ruprecht_78  56.97    0.0 -226.36     1.87  -2.69   3.26   -9.563    2.714    2
      ruprecht_79  29.81   0.75 -223.43     0.78  -4.85   1.22  -16.284    1.189    2
       ruprecht_8  24.24   1.03 -229.26     2.26  -6.73   2.84  -28.613    1.988    2
      ruprecht_82   2.08   0.25 -248.82     0.26  -0.73   0.71    3.329    0.688    2
      ruprecht_83  25.69    0.0 -223.84     0.31  -3.23   1.27  -19.007    1.346    2
      ruprecht_84  -8.63   0.46 -250.85     0.47  -2.88   0.88    3.351    0.839    1
      ruprecht_85  36.31   5.24  -215.8     5.29    6.7   1.76  -15.659    2.353    8
      ruprecht_91   0.74   0.54 -238.54     0.56  -6.96   0.68   11.652    0.682    4
      ruprecht_93  -24.4   1.49  -258.6     1.46  10.88   0.72   -0.712    0.666    2
      ruprecht_94 -11.38   2.58 -240.94     2.51  -4.82   0.78   -9.389    0.834    1
      ruprecht_96 -14.05   3.85 -238.99     3.72   0.75   0.85  -20.908    0.881    0
      ruprecht_97   5.36   0.19 -215.43     0.19  -6.62    0.9   -8.782    0.729    1
          sai_108  19.35   1.02 -235.91      1.0   0.44   1.07   -8.687    1.053    2
          sai_109  82.33   2.07 -210.24     2.24   7.46   2.67   20.137    2.388    1
          sai_113  24.74   1.02 -222.11     1.04  -3.29   1.83   -1.792    1.647    1
          sai_116 -14.37   0.84 -236.47     0.82  -0.92   0.97   13.841    1.543    4
           sai_72  46.79   3.26 -231.15     2.15   1.99   1.78  -10.192    3.095    1
           sai_81  56.39   0.53 -239.61     1.16   3.43   2.12   -6.952    1.152    1
           sai_86  60.97   0.98 -221.69     1.17  -9.65   1.47   -3.126    1.352    1
           sai_91  46.89   0.46 -226.63     0.65   -8.3   1.26    0.924    1.142    1
           sai_94  71.51   0.56 -219.36     3.14  -3.48    6.6   20.501    5.266    1
         saurer_2  84.59   1.89 -256.88     2.93  12.92   3.65   30.364    2.983    1
       schuster_1  12.51   3.82 -511.01    13.86 -10.53  16.07    6.204    8.025    1
        sigma_ori  30.56   0.17 -236.94     1.05   0.26   1.03    9.572    0.611    2
 skiff_j0614+12.9  46.32   1.12 -210.78     2.39    3.5   2.36    7.387    1.222    2
 skiff_j0619+18.5  11.47   0.26 -243.13     0.42  -0.29    0.5    -9.42    0.273    0
         stock_16 -38.11    2.6 -242.53     2.59    3.3   1.25     1.61     1.26    0
      teutsch_103  18.46   1.08 -238.39     1.18  -3.48   1.88  -10.931    1.719    1
      teutsch_106   5.62   3.68 -254.78     3.36  -10.8   2.51    -5.37    2.693    2
       teutsch_12  51.63   0.54 -230.94      1.4   -8.1   1.56   15.977     0.62    0
     teutsch_143a  19.84   1.77  -211.8     1.77   6.21   1.26  -14.406    1.299    2
       teutsch_31   8.96   0.34 -228.71     0.39  -2.02   0.88   -4.026    1.013    1
       teutsch_44  50.63   2.54 -212.25     2.67  -7.96   2.81  -16.832    2.983    1
       teutsch_49  45.98    0.0 -218.27     0.71   3.41   0.93   -8.737    0.745    2
       teutsch_51   14.8   2.29 -242.39     1.61  12.67   1.85   -0.114    2.347    0
       teutsch_61  33.65   1.04 -258.12      1.3    1.5    1.0   -7.973    1.216    1
       teutsch_66  27.35   2.11 -226.07     2.03  -0.29   1.19  -19.433    1.285    1
       teutsch_80 -23.47   0.27 -223.05     0.64   0.06   0.91    4.877    0.848    3
       teutsch_84   0.49   20.5 -233.74      7.1   11.8   1.68  -24.141   19.453    0
       tombaugh_1  82.77    0.4 -229.34     0.68  -9.46   0.75   36.938    0.628    8
       tombaugh_2 122.72   0.52 -221.32     3.79  -0.25   3.87    12.98     1.97    2
      trumpler_11  14.47   1.63 -231.76     1.61 -15.57    1.1    9.803    1.038    1
      trumpler_12  24.71   1.05 -223.66     1.08   -0.6   1.27   20.906    1.222    2
      trumpler_13   9.52   0.63 -242.12     0.73   4.62   1.47   22.441    1.473    5
      trumpler_15   11.5  10.16 -226.27     9.99  -3.47   1.35  -10.914    1.323    0
      trumpler_16  -5.22   2.36 -243.11     2.33  -1.43   1.41   -1.921     1.46    0
      trumpler_17 105.27   5.48 -131.15     5.51   8.15   0.85  -28.063    0.891    1
      trumpler_19 -26.38   1.29 -262.51     1.29 -14.23   1.09  -70.239    1.191   27
      trumpler_20 -39.85   0.18 -251.52     0.26   3.91   1.25    7.175    1.153   46
      trumpler_22 -43.03   1.03 -249.19     1.01   2.24   0.77    7.037    0.867    3
      trumpler_23 -63.75   1.57 -239.57     1.37  -0.47   1.04   36.842    1.409   14
      trumpler_25 -28.88   8.16 -243.65     2.21  -5.71    1.1    6.583    8.014   15
      trumpler_26  -7.57   0.15 -232.75     0.56   0.74   0.56   -4.902    0.154    4
      trumpler_28 -44.02   10.7 -239.13     1.23   2.74   0.85   31.729   11.196    0
      trumpler_29 -23.99   0.15 -244.57     0.66  -1.99    0.7    6.337     0.21    1
      trumpler_30 -18.36   0.73 -245.68     0.75  -3.79   0.79    5.683    0.737    4
       trumpler_5  49.57   0.17 -242.18     1.55   2.45    1.7   13.008    0.522   14
           ubc_12  33.24   2.79 -236.21     2.19   6.93   2.13   14.389    2.294    1
          ubc_200   0.17   0.44 -226.25     0.88   -6.0   0.94  -20.417    0.474    7
          ubc_203  43.53   0.66 -229.78      0.8   0.82    0.9   10.579    0.676    5
          ubc_204  45.78   0.39 -230.08      1.4   8.67   1.38   -0.503    0.563    1
          ubc_207  29.03   0.34  -239.1     0.64  -0.15   0.67    9.124    0.465   15
          ubc_212  41.69    7.7 -240.96     3.36   2.38   0.98   -2.493    7.305    0
          ubc_215   1.18   0.55 -235.48     0.57  -2.41   0.53  -40.948    0.588    4
          ubc_217  61.41    1.4  -247.2     1.34  -4.26    1.2   23.046    1.334    1
          ubc_218  37.33   1.96 -239.79     1.33  -0.57   1.04  -12.217    1.722    0
          ubc_220   65.4   0.49 -223.57     0.55   -0.8    0.6    1.459     0.56    0
          ubc_221  34.95   0.08 -248.98     0.56  12.34   0.73    -9.05    0.498    2
          ubc_225  59.61   0.48 -250.23     0.92  -2.97   1.35   21.045    0.821    3
          ubc_228  88.51    0.0 -206.57     1.79    0.2   2.69   19.314    1.871    2
          ubc_229  47.11   8.31 -239.46     6.29  -2.21   0.68     0.94    5.669    4
          ubc_230   42.1   0.14 -238.79     0.81   -0.8   1.19   -0.563    0.971    1
          ubc_232  48.28   0.05 -226.33     0.75 -12.68   0.97    -17.0    0.807    2
          ubc_233  24.67   0.31  -232.8      0.5   1.71   0.57  -39.394    0.623    1
          ubc_237  41.02   0.33 -226.77     0.52  -1.53   0.72  -10.988    0.693    1
          ubc_239  34.77   0.18 -233.01      0.4  -8.69   0.66  -13.169    0.562    1
          ubc_241  51.11   0.72 -245.82     1.13   1.54    1.3   -5.371    1.178    0
          ubc_243   16.8   0.34 -244.33     0.43  -5.38   0.68  -13.792    0.675    1
          ubc_246  24.92   1.23 -234.38     1.19  -6.98   0.73  -13.953    0.834    8
          ubc_252  22.16   1.04 -231.96     1.06  -6.89   1.19  -35.687    1.183    3
          ubc_253  32.43   0.39 -218.68     0.38   0.13   0.47    4.272    0.484    1
          ubc_254    9.3    0.0 -240.79     0.08   6.27   0.77   -0.783    0.764    2
          ubc_255 -11.97   0.75 -263.29     1.15   0.42    3.9  -15.716    4.011   16
          ubc_258  -7.41   3.44 -247.67     3.37   3.02    0.7    7.947    0.667    0
          ubc_259   9.33   0.33 -230.03     0.33   3.53   0.56  -13.106    0.552    0
          ubc_260  13.26   2.95 -232.09     2.79   3.81   0.89   -1.485    0.825    9
          ubc_261  17.65   3.11 -221.73     3.11  -0.72   1.05  -10.355    1.082    0
          ubc_262    6.9   0.39 -229.89     0.39   2.34   0.83  -12.955    0.868    1
          ubc_264   7.01   0.85 -228.49     0.86   4.95   0.71  -10.737     0.67    3
          ubc_268   1.54   0.49 -230.42     0.49  -3.34   0.83   -9.711    0.827    3
          ubc_270  -21.9   0.86 -254.61     0.87  -4.61    0.8    -8.75    0.589    0
          ubc_275 -15.13   0.28 -242.94      0.3    9.7   0.98  -16.213    0.914    1
          ubc_277  -17.9   0.14 -250.06      0.2    4.4   0.63   -4.635     0.63    1
          ubc_279  -8.22   0.44  -240.0     0.47   6.72   0.54   -0.207    0.553    1
          ubc_282  -13.8   0.75  -236.5     0.73  -0.53   0.71   -8.956    0.674    1
          ubc_284 -39.32   0.45 -264.68     0.49 -11.81   0.76    5.408    0.753   11
          ubc_286 -11.53   0.25 -236.74     0.33  -1.17   0.64   -9.895    0.615    1
          ubc_290 -23.26   0.38  -250.5     0.43   3.77   0.64   -5.239    0.539    2
          ubc_293   44.3   1.47 -182.55     1.38  -2.27   0.73  -44.717    0.889    1
          ubc_294 -23.78   0.37 -236.03     0.49   0.42   0.54   16.228    0.552    9
          ubc_295  -8.87   0.56 -236.42     0.57   3.84   0.64  -16.614    0.571    3
          ubc_297 -44.06   1.41 -231.94     1.26  -4.97   0.86   26.006    0.958    1
          ubc_298 -42.74   0.11 -240.95     0.54  -8.08   0.97   13.187    0.807    2
          ubc_299 -47.27   0.53 -257.37     0.64   6.45   0.85  -14.988    0.825    1
          ubc_300 -10.69   0.43 -237.19     0.53   5.56   0.69  -21.815    0.598    1
          ubc_302 -18.28   0.45 -239.86     0.55  -3.68   0.57     0.02    0.532    1
          ubc_303 -49.23   0.13 -254.11     0.43  -5.78   0.54   18.376    0.492    1
          ubc_307 -15.89   0.23 -229.04     0.62  -0.37   0.86  -26.444    0.646    4
          ubc_310 -28.79    0.9 -245.36     0.81  -4.22   0.73  -22.723    0.866   11
          ubc_312 -60.06   0.62 -266.79     0.85  -7.24   0.93    6.762    0.802    5
          ubc_314  -31.9   0.38 -235.28     0.63 -12.47   0.71   10.301    0.492   12
          ubc_315 -38.35  13.99 -233.12     7.11   0.85   0.93   13.381   11.944    3
          ubc_316 -24.57   0.25 -233.47     0.54   8.56   0.54    3.698    0.351    3
          ubc_318 -61.36   0.34 -255.04     0.73  -0.41   0.81   16.668    0.557    0
          ubc_319 -14.15   0.44 -242.64     0.51  -0.44    0.5   -7.679     0.46    1
          ubc_320 -43.11   0.33 -256.21     0.86   5.26   0.92    1.637    0.545    0
          ubc_321 -19.74   0.45 -228.95     0.75   -0.4   0.81   -5.084    0.552    2
          ubc_322 -35.59   1.03 -244.42     0.84   1.96   0.86   -0.268    1.066    7
          ubc_323 -38.33   0.73 -255.26     1.12   1.75   1.15   11.951    0.811    1
          ubc_324 -65.57   0.34  -229.3     1.08   7.96   1.13   48.805    0.465   11
          ubc_326 -67.47   0.47  -244.8     0.61    0.0   0.58   49.645    0.483    3
          ubc_334 -38.17   1.47 -243.06     0.86   7.08   0.84   25.645    1.502    1
          ubc_433   1.94   5.05 -247.26     2.26   9.21   3.17  -10.388    4.829    1
          ubc_434   7.71    0.0 -231.31     1.06    4.4   1.31   -8.018    0.093    3
          ubc_436   9.76   0.72 -228.13     1.16 -10.72   1.22   -8.338    0.736    1
          ubc_438  37.77   3.21  -236.4     1.61   6.01   1.51    4.308    3.102    1
          ubc_439  37.67   0.86 -227.24     0.65   3.97    0.5   -0.176    0.837    1
          ubc_440  42.65   0.42 -250.87     2.25  12.79   1.75    0.359    0.983    0
          ubc_443   26.5   1.88 -234.25      1.4   7.74   1.26  -26.292    1.766    2
          ubc_444  -6.77   1.77 -248.46     1.11  -5.18   0.48  -40.462    1.447    1
          ubc_445  47.98   2.34 -213.48      1.3   -9.2   0.53  -16.107    1.961    1
          ubc_447  54.96   0.85  -220.9      0.9  -5.71   0.92   -3.006    0.864    2
          ubc_453  79.65   0.66 -216.82     0.95   3.46   1.02    3.105    0.861    1
          ubc_457   85.4    0.3  -214.1     2.56  -3.92   3.66   24.596    2.448    1
          ubc_458  68.41   0.09 -246.22     0.76  -9.12   0.93   18.318    0.637    2
          ubc_459  64.17    0.9 -211.56     0.74   4.94   0.71   -3.845    0.808    0
          ubc_466 107.36   0.53 -203.23     1.08  16.69   1.15   23.181    1.082    1
          ubc_467 112.85   0.26 -211.01     0.61 -15.01   1.01   30.656    0.633    0
          ubc_468  44.08   0.21 -244.93     0.66  -0.82    1.2    -9.68     0.71    0
          ubc_471  73.93   0.57 -230.02     0.79   0.65    0.9   13.399    0.854    0
          ubc_472   9.25    0.5 -245.07      0.5   4.76   0.54  -41.199    0.599    2
          ubc_473  77.21   0.32 -217.72     0.77  -8.67   0.97   -2.477    0.877    2
          ubc_474  45.02   0.63 -245.86     0.88   1.78   1.19  -12.868     0.96    0
          ubc_478  43.03   0.58 -236.09     0.66  11.06   0.74   10.491    0.853    2
          ubc_480  19.03   8.99 -235.83     8.86   0.14   1.75   -5.587    1.294    1
          ubc_482  26.71  18.51 -238.75    18.21  -2.04   1.12    4.129    5.451    2
          ubc_488  65.45   3.43 -231.45     3.12  -0.57    2.1   18.089    2.559    1
          ubc_492  12.84   0.25 -240.34     0.28   5.31    0.6   12.859    0.589    1
          ubc_493   8.63   0.23 -240.84     0.25  -0.88   1.04    8.615     1.03    5
          ubc_494   21.1   0.85 -234.36     0.87  -6.42   1.07   -5.236    1.112    2
          ubc_495  20.47   0.76 -232.52     0.86   1.31   1.41  -10.091    1.447    6
          ubc_498 -11.97   0.62  -253.5     0.64  -3.32   1.22   -7.824    1.259    0
            ubc_5 -11.74    5.8 -239.87     2.87   9.11   0.79    1.062    5.038    6
          ubc_502  10.51    0.4 -230.15     0.41  -0.65   0.71  -14.805    0.654    1
          ubc_503   7.33   0.66 -230.16     0.67  11.54   0.94   15.258    0.965    4
          ubc_506  -3.15   1.24 -240.23     1.23   7.13   1.29    -0.53    1.334    1
          ubc_508  31.14    0.0 -206.33     0.82   2.24   1.79  -16.105     3.01    2
          ubc_511  -3.12   0.51 -238.54     0.54  14.11   0.62    5.959    0.567    0
          ubc_512  19.61   0.53 -214.39     0.53  -5.37    0.9   -4.774    0.996    0
          ubc_514 -24.09   1.72 -261.69     1.66  -8.07   1.46   -2.786    1.424    3
          ubc_518 -34.19   1.71 -251.83     1.85  -4.93   2.15   -6.748    6.632    1
          ubc_519 -35.83   0.65 -257.52     0.64    9.6   0.51  -12.145    0.556    2
          ubc_521   -1.4   1.48 -215.91     1.43 -10.98    0.7   13.667      0.9    1
          ubc_523 -34.68   0.13 -255.65     0.26   8.42   0.93  -16.028    0.711    1
          ubc_524 -25.21   0.31 -237.45     0.41   -4.2    1.0   -2.571    1.081    4
          ubc_525 -15.09   0.28 -241.96     0.36  -1.93   0.61  -24.725    0.657    1
          ubc_528 -30.98   0.13 -242.73     0.29  -4.05   0.74  -14.617    0.619    2
          ubc_529 -21.21  14.38  -220.9    13.09  -6.93   0.95   12.817    5.131    6
          ubc_531 -27.44   0.45 -236.21      0.5  -6.25   0.71   -3.001    0.635    1
          ubc_535 -23.53   0.22 -206.37     0.49  -5.92   0.64    0.452    0.534    1
          ubc_536 -44.55   0.31  -242.2     0.44  -5.12   0.46   18.024    0.392    0
          ubc_537 -51.02  24.77 -249.55     16.8  11.53   0.93    -0.18   17.766    3
          ubc_538 -26.06   2.82 -213.66     2.01  -6.85   1.02   -2.196     2.19    5
          ubc_539 -42.43   0.25 -250.41     0.68   4.45   0.83   -4.615    0.611    1
          ubc_540 -36.85   4.44 -217.16     2.91   2.43    0.6    9.384      3.6    3
          ubc_541  -28.8   1.04 -232.74     0.99   4.72   0.97   -2.694    1.013    1
          ubc_542 -30.42   0.65 -257.61     0.67   1.81   0.71   -7.076    0.676    1
          ubc_546  -46.9   0.32  -250.3     0.64   4.09   0.68   18.013    0.442    5
          ubc_547 -20.62   5.43 -236.81     2.85  -1.06   0.84   -20.72    4.723    0
          ubc_548  -27.9  11.19 -228.15     5.25  -1.88   0.71    4.786    9.633    2
          ubc_550   1.72   1.17 -198.37     1.07  -0.41   1.03  -20.494    1.177    1
          ubc_552 -29.56   0.17 -256.68     1.15   6.48   1.27   -6.197    0.498    1
          ubc_555 -11.57   0.23 -248.79     0.74   9.31   0.76  -13.297    0.356    1
          ubc_558 -62.07   1.62 -244.44     1.71   1.63   1.53   29.475    1.615    0
          ubc_560  -3.48   0.64 -251.74     0.56   0.36   0.52  -18.262    0.671    2
          ubc_562 -88.92   0.62 -245.97     0.98  -3.31   1.04    66.39     0.63    1
          ubc_564 -22.51   1.42 -239.26     0.75    0.9   0.75    4.662    1.365    0
          ubc_565 -37.21   7.77 -243.06     1.23   1.78   0.68   18.935    7.518    0
          ubc_566  -8.57   0.35 -250.71     0.96   3.05   0.95    -7.81    0.357   11
          ubc_568 -11.34   0.32 -228.26     1.17   3.69   1.21   -5.419    0.354    1
          ubc_571 -21.48   0.48 -219.55     0.77   1.98   0.82   10.381    0.463    1
          ubc_616  71.77    9.3 -232.97     2.45   1.81   2.33   42.883    9.319    1
          ubc_617  60.56   0.48 -239.47     0.61  -9.28   0.74   29.272    0.485    6
          ubc_618  37.31   0.49 -236.44     1.54  11.67    1.6  -13.362    0.627    1
          ubc_619  58.01   1.22 -225.75     1.73   10.0    2.0   16.668    1.384    1
          ubc_620  37.31   0.56 -238.97      1.7  -4.81   1.87    7.094    0.895    1
          ubc_622  73.92   1.04 -238.75     3.49  -2.24    3.6   16.638    1.608    0
          ubc_623  80.78   4.75  -212.8     3.14   8.22   3.21   24.798    4.385    2
          ubc_624   88.2   0.21 -204.02     2.18  19.17   2.23    31.43    1.241    0
          ubc_625  55.88   0.24 -215.31     2.53   -7.1   2.48    3.299     1.37    1
          ubc_626   68.9   0.77  -236.5      0.9   0.13   1.35   12.486    0.818    1
          ubc_628  75.99   2.24 -223.34     1.55   4.55   1.48    3.974      2.1    1
          ubc_629  50.01   1.34 -229.18      2.1  -9.29   1.92   -6.276     1.67    1
          ubc_633  83.53   4.61 -224.58     3.06   0.24    2.1    7.262     3.96    1
          ubc_636  56.32   0.66 -223.27     0.79  -0.68   0.66   -9.484    0.784    1
          ubc_637 100.14    0.9 -216.38     1.24   4.95   1.48   14.788    1.145    1
          ubc_638 100.14    0.9 -218.78     1.47   4.18   1.61   14.289    1.301    1
          ubc_639  93.48   1.05 -216.13     1.25   -0.7   1.32   18.441    1.208    2
          ubc_643  50.12    5.2 -220.79     4.38   4.43   0.87   -27.12    3.245    1
          ubc_644  77.69   1.04  -215.9     1.07  -8.21   1.11   -1.751    1.106    3
          ubc_647    1.4    0.8 -252.32     0.76    0.5   0.68  -33.455    0.759    1
          ubc_649   6.47   9.84 -252.11     8.99 -11.61   3.47  -11.646    4.268    3
          ubc_650   28.7   1.83 -227.44     1.73  -0.11   1.04  -11.976    1.123    1
          ubc_651  13.17   8.86 -233.78     8.72  -6.09   1.05  -17.495     1.84    2
          ubc_660   0.59   1.47 -234.85     1.48  -8.66   0.73   -9.943    0.718    4
          ubc_662  -4.01   0.82 -225.16     0.78   6.01   1.09   -1.046    1.022    1
          ubc_664 -35.27   0.22  -230.2     0.47  -1.52   0.67   -1.857    0.657    1
          ubc_668 -43.22   0.91 -257.39     0.84   5.46   0.84   -6.805    0.908    1
          ubc_669 -22.44   1.82 -221.63     1.07   -5.2   0.76   -0.985    1.621    2
          ubc_671  -8.38   0.31 -230.14     0.79  -1.06   0.87  -19.153    0.455    3
           ubc_72  30.21   0.33 -248.88     1.01  10.75   1.22   15.612    0.343    3
           ubc_73  30.58   5.56 -222.45     0.89   0.65   0.98   13.449    5.556    3
           ubc_74  42.95   0.98 -217.46     1.07   7.24   1.16   18.936    0.959    3
           ubc_82  12.62   0.36 -220.28     0.68   7.42   0.53  -27.525    0.431    5
           ubc_90  49.63    0.0  -217.7     0.94  14.91    1.1    13.89    0.248    2
           ufmg_1  -47.2   7.27 -254.69     5.19  -7.43   1.12   -1.737    5.073    4
           ufmg_2 -51.09   2.56 -244.11     1.94  12.25   1.08   19.157    2.002   13
           ufmg_3 -21.33   3.82 -245.76     2.69  -2.41   1.02  -21.703    2.883    4
          upk_385  24.72   0.64 -243.36     0.55  -0.54   0.57   10.193    0.638    3
          upk_394 -11.18  10.19 -249.78     2.48   5.58   3.22  -30.408    9.226    1
          upk_398  30.01   2.73 -243.61     0.88  -6.24   0.61   11.704    2.519    0
          upk_402  25.52   6.05 -241.16     2.32  -1.36   1.36    6.117    5.496    3
          upk_418   38.2  19.93  -231.1      9.6   2.73   3.87   11.491   16.878    0
          upk_429   6.88   7.37 -250.86     4.02   0.36   1.16  -18.056    5.999    3
          upk_433  18.24  23.26 -234.24    13.55  -0.12   0.87    -13.2   19.669    4
          upk_445  46.13   2.43  -229.9     1.52 -10.76   0.79   14.661    1.892    0
          upk_452  49.34   1.59 -228.85     1.43  -2.38   1.29    22.92    1.371    2
          upk_468   77.4    0.0 -196.08     4.44  11.69   5.84   24.044    4.674    2
          upk_502  44.55    0.0 -218.41     0.34  -4.88    1.0   12.104    0.847    3
          upk_508  30.62   3.81 -231.98     3.67  -3.35   1.56   18.271    1.883    9
          upk_528   3.62    0.7 -250.32     0.73 -11.84   0.52   -9.006     0.48    0
          upk_549  -4.33   0.41 -253.47      0.4   0.83   0.64  -35.955    0.666   11
          upk_562  27.34  14.72 -211.89    14.14   7.77   0.99    5.417    3.446    2
          upk_578  -2.01    0.8  -223.2      1.0 -13.21   1.27   15.647    1.346    5
          upk_585  28.75  15.07 -214.56    11.96   -9.7   3.76  -18.858    8.065    2
          upk_587 -10.54   1.96 -236.65     1.69  -0.66    1.1    4.323    1.239    6
          upk_605   3.56   0.12 -235.31     0.37   2.37   0.48  -15.127    0.329    2
          upk_607  -4.73   7.35 -236.99     5.24   3.52   0.83  -11.413    5.419    2
          upk_613 -26.98   0.13 -249.69     0.39  -0.24   0.39    7.597    0.307    1
          upk_617  -31.1    8.9 -255.62     5.42  -1.66   0.76   11.465    7.116    3
          upk_621 -27.22   1.03 -254.38     0.73   3.81   0.43    4.737    0.874    0
          upk_624   3.77   1.98 -235.74     1.23  -4.35    0.8   -7.755    1.728   11
          upk_626 -13.55   6.01 -239.53     3.12   8.16    0.8    4.307    5.096    1
          upk_627  -4.05   2.94 -235.26     1.55  -5.59   0.52   -3.959    2.496    6
          upk_629   2.73  13.47 -241.86     6.89   -5.1   2.18  -19.282   11.439    2
          upk_644 -31.82   9.66 -241.04     2.18   3.67    1.9   19.497     9.18    1
          upk_645   32.5   9.95 -242.14     2.09 -10.33   1.82  -43.707    9.471    3
          upk_654   4.26   4.51 -233.89     0.52  -5.43   0.95  -13.006    4.617    4
        vdbergh_1  19.39   0.23 -236.86     0.91    6.9   0.98  -16.264    0.474    0
       vdbergh_83  42.21   1.63 -230.08     1.56  -8.08   1.46    6.959    1.495    3
       vdbergh_92  27.99    1.0  -247.4     1.08 -11.37   1.23   -0.149    1.057    2
       waterloo_7  65.91   0.34 -230.93     0.68   0.18   0.89    4.286    0.552    1
     westerlund_1 -47.08   1.47  -72.56     7.62 -25.64   9.49 -102.452    6.326    4
